<?xml version="1.0" encoding="utf-8"?><svg xmlns="http://www.w3.org/2000/svg" xmlns:xlink="http://www.w3.org/1999/xlink" width="1440" height="712" preserveAspectRatio="xMidYMid" viewBox="0 0 1440 712" style="z-index:1;margin-right:-2px;display:block;animation-play-state:paused" ><g transform="translate(720,356) scale(1,1) translate(-720,-356)" style="transform:matrix(1, 0, 0, 1, 0, 0);animation-play-state:paused" ><style type="text/css" style="animation-play-state:paused" >@keyframes ld-fall {
    0%    { transform: translate(0,0px) rotate3d(1,1,1,0deg); }
    16.6% { transform: translate(0,120.66666666666667px) rotate3d(1,1,1,180deg); }
    33.3% { transform: translate(0,241.33333333333334px) rotate3d(1,1,1,360deg); }
    50.0% { transform: translate(0,362px) rotate3d(1,1,1,540deg); }
    66.6% { transform: translate(0,482.6666666666667px) rotate3d(1,1,1,720deg); }
    83.3% { transform: translate(0,603.3333333333334px) rotate3d(1,1,1,900deg); }
    100%  { transform: translate(0,724px) rotate3d(1,1,1,1080deg) ; }
  }
  .ld.ld-fall {
    animation: ld-fall 4s linear infinite;
  }
  .ld.ld-fall2 {
    animation: ld-fall 4s linear infinite;
    animation-fill-mode: forwards;
  }</style>

  
<g transform="translate(0 674.5266045602405)" style="transform:matrix(1, 0, 0, 1, 0, 674.527);animation-play-state:paused" ><g transform="translate(1113.497016015505 0)" style="transform:matrix(1, 0, 0, 1, 1113.5, 0);animation-play-state:paused" ><g class="ld ld-fall2" style="transform:matrix3d(0.975839, 0.166103, -0.141942, 0, -0.141942, 0.975839, 0.166103, 0, 0.166103, -0.141942, 0.975839, 0, 0, 493.039, 0, 1);animation-play-state:paused;animation-duration:4s;animation-delay:-2.72142s" ><rect x="-3.241289435555368" y="-4.092651324861268" width="6.482578871110736" height="8.185302649722535" fill="#eb7532" style="transform:matrix(2.48476, 0, 0, 2.48476, 0, 0);animation-play-state:paused" ></rect></g></g>
<g transform="translate(798.4833030123264 0)" style="transform:matrix(1, 0, 0, 1, 798.483, 0);animation-play-state:paused" ><g class="ld ld-fall2" style="transform:matrix3d(-0.22084, 0.289479, 0.93136, 0, 0.93136, -0.22084, 0.289479, 0, 0.289479, 0.93136, -0.22084, 0, 0, 384.64, 0, 1);animation-play-state:paused;animation-duration:2s;animation-delay:-1.06229s" ><rect x="-3.257499524551366" y="-3.538341776440406" width="6.514999049102732" height="7.076683552880812" fill="#eb7532" style="transform:matrix(2.43606, 0, 0, 2.43606, 0, 0);animation-play-state:paused" ></rect></g></g>
<g transform="translate(614.4371532239477 0)" style="transform:matrix(1, 0, 0, 1, 614.437, 0);animation-play-state:paused" ><g class="ld ld-fall2" style="transform:matrix3d(-0.325037, 0.571715, 0.753321, 0, 0.753321, -0.325037, 0.571715, 0, 0.571715, 0.753321, -0.325037, 0, 0, 368.066, 0, 1);animation-play-state:paused;animation-duration:2s;animation-delay:-1.01669s" ><rect x="-4.050534734854887" y="-4.585501564432885" width="8.101069469709774" height="9.17100312886577" fill="#4355db" style="transform:matrix(2.26142, 0, 0, 2.26142, 0, 0);animation-play-state:paused" ></rect></g></g>
<g transform="translate(1322.182737809495 0)" style="transform:matrix(1, 0, 0, 1, 1322.18, 0);animation-play-state:paused" ><g class="ld ld-fall2" style="transform:matrix3d(-0.142024, 0.975808, 0.166217, 0, 0.166217, -0.142024, 0.975808, 0, 0.975808, 0.166217, -0.142024, 0, 0, 90.8235, 0, 1);animation-play-state:paused;animation-duration:2s;animation-delay:-0.24989s" ><rect x="-5.579047654518396" y="-4.0631265979740725" width="11.158095309036792" height="8.126253195948145" fill="#f7d038" style="transform:matrix(2.71685, 0, 0, 2.71685, 0, 0);animation-play-state:paused" ></rect></g></g>
<g transform="translate(1433.367608512098 0)" style="transform:matrix(1, 0, 0, 1, 1433.37, 0);animation-play-state:paused" ><g class="ld ld-fall2" style="transform:matrix3d(0.734143, -0.328425, 0.594282, 0, 0.594282, 0.734143, -0.328425, 0, -0.328425, 0.594282, 0.734143, 0, 0, 447.108, 0, 1);animation-play-state:paused;animation-duration:4s;animation-delay:-2.46833s" ><rect x="-5.178174782737292" y="-4.4240206161526725" width="10.356349565474584" height="8.848041232305345" fill="#d23be7" style="transform:matrix(3.00963, 0, 0, 3.00963, 0, 0);animation-play-state:paused" ></rect></g></g>
<g transform="translate(1376.5629688456245 0)" style="transform:matrix(1, 0, 0, 1, 1376.56, 0);animation-play-state:paused" ><g class="ld ld-fall2" style="transform:matrix3d(0.483654, 0.820655, -0.304309, 0, -0.304309, 0.483654, 0.820655, 0, 0.820655, -0.304309, 0.483654, 0, 0, 534.264, 0, 1);animation-play-state:paused;animation-duration:2s;animation-delay:-1.47482s" ><rect x="-5.1582983689322255" y="-3.7927319023641144" width="10.316596737864451" height="7.585463804728229" fill="#eb7532" style="transform:matrix(3.46706, 0, 0, 3.46706, 0, 0);animation-play-state:paused" ></rect></g></g>
<g transform="translate(1295.3814241742411 0)" style="transform:matrix(1, 0, 0, 1, 1295.38, 0);animation-play-state:paused" ><g class="ld ld-fall2" style="transform:matrix3d(0.993554, 0.083314, -0.0768682, 0, -0.0768682, 0.993554, 0.083314, 0, 0.083314, -0.0768682, 0.993554, 0, 0, 246.679, 0, 1);animation-play-state:paused;animation-duration:2s;animation-delay:-0.680796s" ><rect x="-5.209709461694141" y="-5.513153511136334" width="10.419418923388282" height="11.026307022272668" fill="#a3e048" style="transform:matrix(2.07915, 0, 0, 2.07915, 0, 0);animation-play-state:paused" ></rect></g></g>
<g transform="translate(838.5392695177211 0)" style="transform:matrix(1, 0, 0, 1, 838.539, 0);animation-play-state:paused" ><g class="ld ld-fall2" style="transform:matrix3d(0.729288, 0.599843, -0.329131, 0, -0.329131, 0.729288, 0.599843, 0, 0.599843, -0.329131, 0.729288, 0, 0, 277.241, 0, 1);animation-play-state:paused;animation-duration:4s;animation-delay:-1.53078s" ><rect x="-5.032178768717953" y="-3.6656745682197682" width="10.064357537435907" height="7.3313491364395365" fill="#d23be7" style="transform:matrix(1.93654, 0, 0, 1.93654, 0, 0);animation-play-state:paused" ></rect></g></g>
<g transform="translate(941.4684479851775 0)" style="transform:matrix(1, 0, 0, 1, 941.468, 0);animation-play-state:paused" ><g class="ld ld-fall2" style="transform:matrix3d(0.857909, 0.427344, -0.285253, 0, -0.285253, 0.857909, 0.427344, 0, 0.427344, -0.285253, 0.857909, 0, 0, 266.879, 0, 1);animation-play-state:paused;animation-duration:2s;animation-delay:-0.736709s" ><rect x="-4.607344462383635" y="-4.106306232599483" width="9.21468892476727" height="8.212612465198966" fill="#34bbe6" style="transform:matrix(1.96016, 0, 0, 1.96016, 0, 0);animation-play-state:paused" ></rect></g></g>
<g transform="translate(1066.616674989424 0)" style="transform:matrix(1, 0, 0, 1, 1066.62, 0);animation-play-state:paused" ><g class="ld ld-fall2" style="transform:matrix3d(0.471489, -0.300561, 0.829073, 0, 0.829073, 0.471489, -0.300561, 0, -0.300561, 0.829073, 0.471489, 0, 0, 430.351, 0, 1);animation-play-state:paused;animation-duration:2s;animation-delay:-1.18806s" ><rect x="-4.029174130490257" y="-4.676377914736092" width="8.058348260980514" height="9.352755829472184" fill="#34bbe6" style="transform:matrix(1.621, 0, 0, 1.621, 0, 0);animation-play-state:paused" ></rect></g></g>
<g transform="translate(280.56095802254333 0)" style="transform:matrix(1, 0, 0, 1, 280.561, 0);animation-play-state:paused" ><g class="ld ld-fall2" style="transform:matrix3d(-0.318793, 0.539474, 0.779319, 0, 0.779319, -0.318793, 0.539474, 0, 0.539474, 0.779319, -0.318793, 0, 0, 611.37, 0, 1);animation-play-state:paused;animation-duration:4s;animation-delay:-3.37649s" ><rect x="-5.30184757854236" y="-5.855365642543324" width="10.60369515708472" height="11.710731285086649" fill="#e6261f" style="transform:matrix(2.17179, 0, 0, 2.17179, 0, 0);animation-play-state:paused" ></rect></g></g>
<g transform="translate(455.5284519271294 0)" style="transform:matrix(1, 0, 0, 1, 455.528, 0);animation-play-state:paused" ><g class="ld ld-fall2" style="transform:matrix3d(0.878041, 0.393852, -0.271892, 0, -0.271892, 0.878041, 0.393852, 0, 0.393852, -0.271892, 0.878041, 0, 0, 264.936, 0, 1);animation-play-state:paused;animation-duration:2s;animation-delay:-0.731331s" ><rect x="-5.126714939868401" y="-3.6465471349793197" width="10.253429879736801" height="7.293094269958639" fill="#4355db" style="transform:matrix(1.9471, 0, 0, 1.9471, 0, 0);animation-play-state:paused" ></rect></g></g>
<g transform="translate(231.27845279860634 0)" style="transform:matrix(1, 0, 0, 1, 231.278, 0);animation-play-state:paused" ><g class="ld ld-fall2" style="transform:matrix3d(0.249342, 0.948079, -0.197421, 0, -0.197421, 0.249342, 0.948079, 0, 0.948079, -0.197421, 0.249342, 0, 0, 547.852, 0, 1);animation-play-state:paused;animation-duration:2s;animation-delay:-1.51243s" ><rect x="-3.5443481737095537" y="-3.339133539637489" width="7.088696347419107" height="6.678267079274978" fill="#a3e048" style="transform:matrix(2.2314, 0, 0, 2.2314, 0, 0);animation-play-state:paused" ></rect></g></g>
<g transform="translate(101.95936221665292 0)" style="transform:matrix(1, 0, 0, 1, 101.959, 0);animation-play-state:paused" ><g class="ld ld-fall2" style="transform:matrix3d(0.108866, 0.989207, -0.0980724, 0, -0.0980724, 0.108866, 0.989207, 0, 0.989207, -0.0980724, 0.108866, 0, 0, 556.19, 0, 1);animation-play-state:paused;animation-duration:4s;animation-delay:-3.07102s" ><rect x="-3.689948087913133" y="-3.5134606404213056" width="7.379896175826266" height="7.026921280842611" fill="#e6261f" style="transform:matrix(2.41909, 0, 0, 2.41909, 0, 0);animation-play-state:paused" ></rect></g></g>
<g transform="translate(390.40167161207813 0)" style="transform:matrix(1, 0, 0, 1, 390.402, 0);animation-play-state:paused" ><g class="ld ld-fall2" style="transform:matrix3d(0.882774, 0.385598, -0.268372, 0, -0.268372, 0.882774, 0.385598, 0, 0.385598, -0.268372, 0.882774, 0, 0, 505.792, 0, 1);animation-play-state:paused;animation-duration:2s;animation-delay:-1.39601s" ><rect x="-3.5305464794168477" y="-5.681502181484024" width="7.0610929588336955" height="11.363004362968049" fill="#d23be7" style="transform:matrix(2.23974, 0, 0, 2.23974, 0, 0);animation-play-state:paused" ></rect></g></g>
<g transform="translate(658.9460768157066 0)" style="transform:matrix(1, 0, 0, 1, 658.946, 0);animation-play-state:paused" ><g class="ld ld-fall2" style="transform:matrix3d(-0.318493, 0.538104, 0.780388, 0, 0.780388, -0.318493, 0.538104, 0, 0.538104, 0.780388, -0.318493, 0, 0, 370.12, 0, 1);animation-play-state:paused;animation-duration:4s;animation-delay:-2.04468s" ><rect x="-5.180297639716757" y="-4.239846343491342" width="10.360595279433515" height="8.479692686982684" fill="#a3e048" style="transform:matrix(2.47555, 0, 0, 2.47555, 0, 0);animation-play-state:paused" ></rect></g></g>
<g transform="translate(1126.497267281148 0)" style="transform:matrix(1, 0, 0, 1, 1126.5, 0);animation-play-state:paused" ><g class="ld ld-fall2" style="transform:matrix3d(0.746703, 0.579614, -0.326317, 0, -0.326317, 0.746703, 0.579614, 0, 0.579614, -0.326317, 0.746703, 0, 0, 275.978, 0, 1);animation-play-state:paused;animation-duration:4s;animation-delay:-1.52379s" ><rect x="-3.136110930980089" y="-3.1109754293652845" width="6.272221861960178" height="6.221950858730569" fill="#eb7532" style="transform:matrix(1.67414, 0, 0, 1.67414, 0, 0);animation-play-state:paused" ></rect></g></g>
<g transform="translate(422.93828860216234 0)" style="transform:matrix(1, 0, 0, 1, 422.938, 0);animation-play-state:paused" ><g class="ld ld-fall2" style="transform:matrix3d(0.560279, 0.762728, -0.323007, 0, -0.323007, 0.560279, 0.762728, 0, 0.762728, -0.323007, 0.560279, 0, 0, 529.658, 0, 1);animation-play-state:paused;animation-duration:4s;animation-delay:-2.92414s" ><rect x="-3.6900498590140405" y="-5.580220584756369" width="7.380099718028081" height="11.160441169512739" fill="#e6261f" style="transform:matrix(2.23972, 0, 0, 2.23972, 0, 0);animation-play-state:paused" ></rect></g></g>
<g transform="translate(1017.3554568679626 0)" style="transform:matrix(1, 0, 0, 1, 1017.36, 0);animation-play-state:paused" ><g class="ld ld-fall2" style="transform:matrix3d(0.959065, 0.219661, -0.178726, 0, -0.178726, 0.959065, 0.219661, 0, 0.219661, -0.178726, 0.959065, 0, 0, 496.197, 0, 1);animation-play-state:paused;animation-duration:2s;animation-delay:-1.36945s" ><rect x="-4.418054877191675" y="-4.608887052991959" width="8.83610975438335" height="9.217774105983919" fill="#d23be7" style="transform:matrix(1.68299, 0, 0, 1.68299, 0, 0);animation-play-state:paused" ></rect></g></g>
<g transform="translate(1065.1119802893131 0)" style="transform:matrix(1, 0, 0, 1, 1065.11, 0);animation-play-state:paused" ><g class="ld ld-fall2" style="transform:matrix3d(0.528323, 0.787941, -0.316264, 0, -0.316264, 0.528323, 0.787941, 0, 0.787941, -0.316264, 0.528323, 0, 0, 290.266, 0, 1);animation-play-state:paused;animation-duration:2s;animation-delay:-0.801443s" ><rect x="-4.391498976653269" y="-4.495973004463675" width="8.782997953306538" height="8.99194600892735" fill="#e6261f" style="transform:matrix(2.9228, 0, 0, 2.9228, 0, 0);animation-play-state:paused" ></rect></g></g>
<g transform="translate(1249.1885321608547 0)" style="transform:matrix(1, 0, 0, 1, 1249.19, 0);animation-play-state:paused" ><g class="ld ld-fall2" style="transform:matrix3d(-0.277066, 0.870681, 0.406385, 0, 0.406385, -0.277066, 0.870681, 0, 0.870681, 0.406385, -0.277066, 0, 0, 104.773, 0, 1);animation-play-state:paused;animation-duration:4s;animation-delay:-0.57654s" ><rect x="-4.290940284081373" y="-4.259569951222523" width="8.581880568162745" height="8.519139902445046" fill="#4355db" style="transform:matrix(1.63572, 0, 0, 1.63572, 0, 0);animation-play-state:paused" ></rect></g></g>
<g transform="translate(262.63328168931724 0)" style="transform:matrix(1, 0, 0, 1, 262.633, 0);animation-play-state:paused" ><g class="ld ld-fall2" style="transform:matrix3d(-0.03774, 0.0392224, 0.998518, 0, 0.998518, -0.03774, 0.0392224, 0, 0.0392224, 0.998518, -0.03774, 0, 0, 158.327, 0, 1);animation-play-state:paused;animation-duration:4s;animation-delay:-0.872484s" ><rect x="-4.750226655297949" y="-3.1558233666947437" width="9.500453310595898" height="6.3116467333894875" fill="#34bbe6" style="transform:matrix(3.3693, 0, 0, 3.3693, 0, 0);animation-play-state:paused" ></rect></g></g>
<g transform="translate(8.877052574924775 0)" style="transform:matrix(1, 0, 0, 1, 8.87705, 0);animation-play-state:paused" ><g class="ld ld-fall2" style="transform:matrix3d(0.626232, -0.33176, 0.705528, 0, 0.705528, 0.626232, -0.33176, 0, -0.33176, 0.705528, 0.626232, 0, 0, 681.138, 0, 1);animation-play-state:paused;animation-duration:2s;animation-delay:-1.88136s" ><rect x="-3.7806179090702714" y="-5.353739456958062" width="7.561235818140543" height="10.707478913916123" fill="#34bbe6" style="transform:matrix(2.86289, 0, 0, 2.86289, 0, 0);animation-play-state:paused" ></rect></g></g>
<g transform="translate(710.8733050039551 0)" style="transform:matrix(1, 0, 0, 1, 710.873, 0);animation-play-state:paused" ><g class="ld ld-fall2" style="transform:matrix3d(0.999512, 0.0223245, -0.0218367, 0, -0.0218367, 0.999512, 0.0223245, 0, 0.0223245, -0.0218367, 0.999512, 0, 0, 242.803, 0, 1);animation-play-state:paused;animation-duration:2s;animation-delay:-0.670067s" ><rect x="-5.767755826578628" y="-5.519140101116555" width="11.535511653157256" height="11.03828020223311" fill="#4355db" style="transform:matrix(2.07234, 0, 0, 2.07234, 0, 0);animation-play-state:paused" ></rect></g></g>
<g transform="translate(707.9421458681609 0)" style="transform:matrix(1, 0, 0, 1, 707.942, 0);animation-play-state:paused" ><g class="ld ld-fall2" style="transform:matrix3d(0.094636, 0.991756, -0.0863923, 0, -0.0863923, 0.094636, 0.991756, 0, 0.991756, -0.0863923, 0.094636, 0, 0, 557.065, 0, 1);animation-play-state:paused;animation-duration:2s;animation-delay:-1.53793s" ><rect x="-4.6911430533126595" y="-5.134289257811658" width="9.382286106625319" height="10.268578515623316" fill="#f7d038" style="transform:matrix(3.30037, 0, 0, 3.30037, 0, 0);animation-play-state:paused" ></rect></g></g></g>

  
<g transform="translate(0 -49.47339543975954)" style="transform:matrix(1, 0, 0, 1, 0, -49.4734);animation-play-state:paused" ><g transform="translate(1113.497016015505 0)" style="transform:matrix(1, 0, 0, 1, 1113.5, 0);animation-play-state:paused" ><g class="ld ld-fall" style="transform:matrix3d(0.975839, 0.166103, -0.141942, 0, -0.141942, 0.975839, 0.166103, 0, 0.166103, -0.141942, 0.975839, 0, 0, 493.039, 0, 1);animation-play-state:paused;animation-duration:4s;animation-delay:-2.72142s" ><rect x="-3.241289435555368" y="-4.092651324861268" width="6.482578871110736" height="8.185302649722535" fill="#eb7532" style="transform:matrix(2.48476, 0, 0, 2.48476, 0, 0);animation-play-state:paused" ></rect></g></g>
<g transform="translate(798.4833030123264 0)" style="transform:matrix(1, 0, 0, 1, 798.483, 0);animation-play-state:paused" ><g class="ld ld-fall" style="transform:matrix3d(-0.22084, 0.289479, 0.93136, 0, 0.93136, -0.22084, 0.289479, 0, 0.289479, 0.93136, -0.22084, 0, 0, 384.64, 0, 1);animation-play-state:paused;animation-duration:2s;animation-delay:-1.06229s" ><rect x="-3.257499524551366" y="-3.538341776440406" width="6.514999049102732" height="7.076683552880812" fill="#eb7532" style="transform:matrix(2.43606, 0, 0, 2.43606, 0, 0);animation-play-state:paused" ></rect></g></g>
<g transform="translate(614.4371532239477 0)" style="transform:matrix(1, 0, 0, 1, 614.437, 0);animation-play-state:paused" ><g class="ld ld-fall" style="transform:matrix3d(-0.325037, 0.571715, 0.753321, 0, 0.753321, -0.325037, 0.571715, 0, 0.571715, 0.753321, -0.325037, 0, 0, 368.066, 0, 1);animation-play-state:paused;animation-duration:2s;animation-delay:-1.01669s" ><rect x="-4.050534734854887" y="-4.585501564432885" width="8.101069469709774" height="9.17100312886577" fill="#4355db" style="transform:matrix(2.26142, 0, 0, 2.26142, 0, 0);animation-play-state:paused" ></rect></g></g>
<g transform="translate(1322.182737809495 0)" style="transform:matrix(1, 0, 0, 1, 1322.18, 0);animation-play-state:paused" ><g class="ld ld-fall" style="transform:matrix3d(-0.142024, 0.975808, 0.166217, 0, 0.166217, -0.142024, 0.975808, 0, 0.975808, 0.166217, -0.142024, 0, 0, 90.8235, 0, 1);animation-play-state:paused;animation-duration:2s;animation-delay:-0.24989s" ><rect x="-5.579047654518396" y="-4.0631265979740725" width="11.158095309036792" height="8.126253195948145" fill="#f7d038" style="transform:matrix(2.71685, 0, 0, 2.71685, 0, 0);animation-play-state:paused" ></rect></g></g>
<g transform="translate(1433.367608512098 0)" style="transform:matrix(1, 0, 0, 1, 1433.37, 0);animation-play-state:paused" ><g class="ld ld-fall" style="transform:matrix3d(0.734143, -0.328425, 0.594282, 0, 0.594282, 0.734143, -0.328425, 0, -0.328425, 0.594282, 0.734143, 0, 0, 447.108, 0, 1);animation-play-state:paused;animation-duration:4s;animation-delay:-2.46833s" ><rect x="-5.178174782737292" y="-4.4240206161526725" width="10.356349565474584" height="8.848041232305345" fill="#d23be7" style="transform:matrix(3.00963, 0, 0, 3.00963, 0, 0);animation-play-state:paused" ></rect></g></g>
<g transform="translate(1376.5629688456245 0)" style="transform:matrix(1, 0, 0, 1, 1376.56, 0);animation-play-state:paused" ><g class="ld ld-fall" style="transform:matrix3d(0.483654, 0.820655, -0.304309, 0, -0.304309, 0.483654, 0.820655, 0, 0.820655, -0.304309, 0.483654, 0, 0, 534.264, 0, 1);animation-play-state:paused;animation-duration:2s;animation-delay:-1.47482s" ><rect x="-5.1582983689322255" y="-3.7927319023641144" width="10.316596737864451" height="7.585463804728229" fill="#eb7532" style="transform:matrix(3.46706, 0, 0, 3.46706, 0, 0);animation-play-state:paused" ></rect></g></g>
<g transform="translate(1295.3814241742411 0)" style="transform:matrix(1, 0, 0, 1, 1295.38, 0);animation-play-state:paused" ><g class="ld ld-fall" style="transform:matrix3d(0.993554, 0.083314, -0.0768682, 0, -0.0768682, 0.993554, 0.083314, 0, 0.083314, -0.0768682, 0.993554, 0, 0, 246.679, 0, 1);animation-play-state:paused;animation-duration:2s;animation-delay:-0.680796s" ><rect x="-5.209709461694141" y="-5.513153511136334" width="10.419418923388282" height="11.026307022272668" fill="#a3e048" style="transform:matrix(2.07915, 0, 0, 2.07915, 0, 0);animation-play-state:paused" ></rect></g></g>
<g transform="translate(838.5392695177211 0)" style="transform:matrix(1, 0, 0, 1, 838.539, 0);animation-play-state:paused" ><g class="ld ld-fall" style="transform:matrix3d(0.729288, 0.599843, -0.329131, 0, -0.329131, 0.729288, 0.599843, 0, 0.599843, -0.329131, 0.729288, 0, 0, 277.241, 0, 1);animation-play-state:paused;animation-duration:4s;animation-delay:-1.53078s" ><rect x="-5.032178768717953" y="-3.6656745682197682" width="10.064357537435907" height="7.3313491364395365" fill="#d23be7" style="transform:matrix(1.93654, 0, 0, 1.93654, 0, 0);animation-play-state:paused" ></rect></g></g>
<g transform="translate(941.4684479851775 0)" style="transform:matrix(1, 0, 0, 1, 941.468, 0);animation-play-state:paused" ><g class="ld ld-fall" style="transform:matrix3d(0.857909, 0.427344, -0.285253, 0, -0.285253, 0.857909, 0.427344, 0, 0.427344, -0.285253, 0.857909, 0, 0, 266.879, 0, 1);animation-play-state:paused;animation-duration:2s;animation-delay:-0.736709s" ><rect x="-4.607344462383635" y="-4.106306232599483" width="9.21468892476727" height="8.212612465198966" fill="#34bbe6" style="transform:matrix(1.96016, 0, 0, 1.96016, 0, 0);animation-play-state:paused" ></rect></g></g>
<g transform="translate(1066.616674989424 0)" style="transform:matrix(1, 0, 0, 1, 1066.62, 0);animation-play-state:paused" ><g class="ld ld-fall" style="transform:matrix3d(0.471489, -0.300561, 0.829073, 0, 0.829073, 0.471489, -0.300561, 0, -0.300561, 0.829073, 0.471489, 0, 0, 430.351, 0, 1);animation-play-state:paused;animation-duration:2s;animation-delay:-1.18806s" ><rect x="-4.029174130490257" y="-4.676377914736092" width="8.058348260980514" height="9.352755829472184" fill="#34bbe6" style="transform:matrix(1.621, 0, 0, 1.621, 0, 0);animation-play-state:paused" ></rect></g></g>
<g transform="translate(280.56095802254333 0)" style="transform:matrix(1, 0, 0, 1, 280.561, 0);animation-play-state:paused" ><g class="ld ld-fall" style="transform:matrix3d(-0.318793, 0.539474, 0.779319, 0, 0.779319, -0.318793, 0.539474, 0, 0.539474, 0.779319, -0.318793, 0, 0, 611.37, 0, 1);animation-play-state:paused;animation-duration:4s;animation-delay:-3.37649s" ><rect x="-5.30184757854236" y="-5.855365642543324" width="10.60369515708472" height="11.710731285086649" fill="#e6261f" style="transform:matrix(2.17179, 0, 0, 2.17179, 0, 0);animation-play-state:paused" ></rect></g></g>
<g transform="translate(455.5284519271294 0)" style="transform:matrix(1, 0, 0, 1, 455.528, 0);animation-play-state:paused" ><g class="ld ld-fall" style="transform:matrix3d(0.878041, 0.393852, -0.271892, 0, -0.271892, 0.878041, 0.393852, 0, 0.393852, -0.271892, 0.878041, 0, 0, 264.936, 0, 1);animation-play-state:paused;animation-duration:2s;animation-delay:-0.731331s" ><rect x="-5.126714939868401" y="-3.6465471349793197" width="10.253429879736801" height="7.293094269958639" fill="#4355db" style="transform:matrix(1.9471, 0, 0, 1.9471, 0, 0);animation-play-state:paused" ></rect></g></g>
<g transform="translate(231.27845279860634 0)" style="transform:matrix(1, 0, 0, 1, 231.278, 0);animation-play-state:paused" ><g class="ld ld-fall" style="transform:matrix3d(0.249342, 0.948079, -0.197421, 0, -0.197421, 0.249342, 0.948079, 0, 0.948079, -0.197421, 0.249342, 0, 0, 547.852, 0, 1);animation-play-state:paused;animation-duration:2s;animation-delay:-1.51243s" ><rect x="-3.5443481737095537" y="-3.339133539637489" width="7.088696347419107" height="6.678267079274978" fill="#a3e048" style="transform:matrix(2.2314, 0, 0, 2.2314, 0, 0);animation-play-state:paused" ></rect></g></g>
<g transform="translate(101.95936221665292 0)" style="transform:matrix(1, 0, 0, 1, 101.959, 0);animation-play-state:paused" ><g class="ld ld-fall" style="transform:matrix3d(0.108866, 0.989207, -0.0980724, 0, -0.0980724, 0.108866, 0.989207, 0, 0.989207, -0.0980724, 0.108866, 0, 0, 556.19, 0, 1);animation-play-state:paused;animation-duration:4s;animation-delay:-3.07102s" ><rect x="-3.689948087913133" y="-3.5134606404213056" width="7.379896175826266" height="7.026921280842611" fill="#e6261f" style="transform:matrix(2.41909, 0, 0, 2.41909, 0, 0);animation-play-state:paused" ></rect></g></g>
<g transform="translate(390.40167161207813 0)" style="transform:matrix(1, 0, 0, 1, 390.402, 0);animation-play-state:paused" ><g class="ld ld-fall" style="transform:matrix3d(0.882774, 0.385598, -0.268372, 0, -0.268372, 0.882774, 0.385598, 0, 0.385598, -0.268372, 0.882774, 0, 0, 505.792, 0, 1);animation-play-state:paused;animation-duration:2s;animation-delay:-1.39601s" ><rect x="-3.5305464794168477" y="-5.681502181484024" width="7.0610929588336955" height="11.363004362968049" fill="#d23be7" style="transform:matrix(2.23974, 0, 0, 2.23974, 0, 0);animation-play-state:paused" ></rect></g></g>
<g transform="translate(658.9460768157066 0)" style="transform:matrix(1, 0, 0, 1, 658.946, 0);animation-play-state:paused" ><g class="ld ld-fall" style="transform:matrix3d(-0.318493, 0.538104, 0.780388, 0, 0.780388, -0.318493, 0.538104, 0, 0.538104, 0.780388, -0.318493, 0, 0, 370.12, 0, 1);animation-play-state:paused;animation-duration:4s;animation-delay:-2.04468s" ><rect x="-5.180297639716757" y="-4.239846343491342" width="10.360595279433515" height="8.479692686982684" fill="#a3e048" style="transform:matrix(2.47555, 0, 0, 2.47555, 0, 0);animation-play-state:paused" ></rect></g></g>
<g transform="translate(1126.497267281148 0)" style="transform:matrix(1, 0, 0, 1, 1126.5, 0);animation-play-state:paused" ><g class="ld ld-fall" style="transform:matrix3d(0.746703, 0.579614, -0.326317, 0, -0.326317, 0.746703, 0.579614, 0, 0.579614, -0.326317, 0.746703, 0, 0, 275.978, 0, 1);animation-play-state:paused;animation-duration:4s;animation-delay:-1.52379s" ><rect x="-3.136110930980089" y="-3.1109754293652845" width="6.272221861960178" height="6.221950858730569" fill="#eb7532" style="transform:matrix(1.67414, 0, 0, 1.67414, 0, 0);animation-play-state:paused" ></rect></g></g>
<g transform="translate(422.93828860216234 0)" style="transform:matrix(1, 0, 0, 1, 422.938, 0);animation-play-state:paused" ><g class="ld ld-fall" style="transform:matrix3d(0.560279, 0.762728, -0.323007, 0, -0.323007, 0.560279, 0.762728, 0, 0.762728, -0.323007, 0.560279, 0, 0, 529.658, 0, 1);animation-play-state:paused;animation-duration:4s;animation-delay:-2.92414s" ><rect x="-3.6900498590140405" y="-5.580220584756369" width="7.380099718028081" height="11.160441169512739" fill="#e6261f" style="transform:matrix(2.23972, 0, 0, 2.23972, 0, 0);animation-play-state:paused" ></rect></g></g>
<g transform="translate(1017.3554568679626 0)" style="transform:matrix(1, 0, 0, 1, 1017.36, 0);animation-play-state:paused" ><g class="ld ld-fall" style="transform:matrix3d(0.959065, 0.219661, -0.178726, 0, -0.178726, 0.959065, 0.219661, 0, 0.219661, -0.178726, 0.959065, 0, 0, 496.197, 0, 1);animation-play-state:paused;animation-duration:2s;animation-delay:-1.36945s" ><rect x="-4.418054877191675" y="-4.608887052991959" width="8.83610975438335" height="9.217774105983919" fill="#d23be7" style="transform:matrix(1.68299, 0, 0, 1.68299, 0, 0);animation-play-state:paused" ></rect></g></g>
<g transform="translate(1065.1119802893131 0)" style="transform:matrix(1, 0, 0, 1, 1065.11, 0);animation-play-state:paused" ><g class="ld ld-fall" style="transform:matrix3d(0.528323, 0.787941, -0.316264, 0, -0.316264, 0.528323, 0.787941, 0, 0.787941, -0.316264, 0.528323, 0, 0, 290.266, 0, 1);animation-play-state:paused;animation-duration:2s;animation-delay:-0.801443s" ><rect x="-4.391498976653269" y="-4.495973004463675" width="8.782997953306538" height="8.99194600892735" fill="#e6261f" style="transform:matrix(2.9228, 0, 0, 2.9228, 0, 0);animation-play-state:paused" ></rect></g></g>
<g transform="translate(1249.1885321608547 0)" style="transform:matrix(1, 0, 0, 1, 1249.19, 0);animation-play-state:paused" ><g class="ld ld-fall" style="transform:matrix3d(-0.277066, 0.870681, 0.406385, 0, 0.406385, -0.277066, 0.870681, 0, 0.870681, 0.406385, -0.277066, 0, 0, 104.773, 0, 1);animation-play-state:paused;animation-duration:4s;animation-delay:-0.57654s" ><rect x="-4.290940284081373" y="-4.259569951222523" width="8.581880568162745" height="8.519139902445046" fill="#4355db" style="transform:matrix(1.63572, 0, 0, 1.63572, 0, 0);animation-play-state:paused" ></rect></g></g>
<g transform="translate(262.63328168931724 0)" style="transform:matrix(1, 0, 0, 1, 262.633, 0);animation-play-state:paused" ><g class="ld ld-fall" style="transform:matrix3d(-0.03774, 0.0392224, 0.998518, 0, 0.998518, -0.03774, 0.0392224, 0, 0.0392224, 0.998518, -0.03774, 0, 0, 158.327, 0, 1);animation-play-state:paused;animation-duration:4s;animation-delay:-0.872484s" ><rect x="-4.750226655297949" y="-3.1558233666947437" width="9.500453310595898" height="6.3116467333894875" fill="#34bbe6" style="transform:matrix(3.3693, 0, 0, 3.3693, 0, 0);animation-play-state:paused" ></rect></g></g>
<g transform="translate(8.877052574924775 0)" style="transform:matrix(1, 0, 0, 1, 8.87705, 0);animation-play-state:paused" ><g class="ld ld-fall" style="transform:matrix3d(0.626232, -0.33176, 0.705528, 0, 0.705528, 0.626232, -0.33176, 0, -0.33176, 0.705528, 0.626232, 0, 0, 681.138, 0, 1);animation-play-state:paused;animation-duration:2s;animation-delay:-1.88136s" ><rect x="-3.7806179090702714" y="-5.353739456958062" width="7.561235818140543" height="10.707478913916123" fill="#34bbe6" style="transform:matrix(2.86289, 0, 0, 2.86289, 0, 0);animation-play-state:paused" ></rect></g></g>
<g transform="translate(710.8733050039551 0)" style="transform:matrix(1, 0, 0, 1, 710.873, 0);animation-play-state:paused" ><g class="ld ld-fall" style="transform:matrix3d(0.999512, 0.0223245, -0.0218367, 0, -0.0218367, 0.999512, 0.0223245, 0, 0.0223245, -0.0218367, 0.999512, 0, 0, 242.803, 0, 1);animation-play-state:paused;animation-duration:2s;animation-delay:-0.670067s" ><rect x="-5.767755826578628" y="-5.519140101116555" width="11.535511653157256" height="11.03828020223311" fill="#4355db" style="transform:matrix(2.07234, 0, 0, 2.07234, 0, 0);animation-play-state:paused" ></rect></g></g>
<g transform="translate(707.9421458681609 0)" style="transform:matrix(1, 0, 0, 1, 707.942, 0);animation-play-state:paused" ><g class="ld ld-fall" style="transform:matrix3d(0.094636, 0.991756, -0.0863923, 0, -0.0863923, 0.094636, 0.991756, 0, 0.991756, -0.0863923, 0.094636, 0, 0, 557.065, 0, 1);animation-play-state:paused;animation-duration:2s;animation-delay:-1.53793s" ><rect x="-4.6911430533126595" y="-5.134289257811658" width="9.382286106625319" height="10.268578515623316" fill="#f7d038" style="transform:matrix(3.30037, 0, 0, 3.30037, 0, 0);animation-play-state:paused" ></rect></g></g></g></g></svg>